# Created by Octave 3.6.1, Thu Feb 14 19:36:05 2013 MSK <aleks@local.local>
# name: simdata_copy
# type: scalar struct
# ndims: 2
 1 1
# length: 7
# name: cstateProfile
# type: matrix
# rows: 96
# columns: 10
 0 0.001654544424446614 0.01016256305719061 0.02113389140812815 0.03171872006867203 0.0413957306578072 0.04930947066320075 0.05708802170662183 0.06771729557048742 0.08547226696885571
 0 0.04963633273339841 0.1063315607821246 0.109417833648549 0.1026818149681218 0.08771008396933487 0.07420036699040007 0.08625717953350349 0.1330056620941856 0.2332475299567707
 0 0.9927266546679681 0.1411779063065569 -0.07945244897806986 -0.05526792463047406 -0.2441666953452648 -0.02602764423343112 0.2671638950954996 0.6678057561181419 1.337031601133561
 0 -0.001526343317914843 -0.008431308728711612 -0.01355044861696892 -0.01607565122237334 -0.01702252477083707 -0.01677189118198872 -0.01522294843787835 -0.01175272914210591 -0.004965550021132289
 0 -0.0457902995374453 -0.06977806371156718 -0.03582060458790832 -0.01626979274665135 -0.003262509041530783 0.008432630124312937 0.02351927853304069 0.04806511694000878 0.09194220620930597
 0 -0.9158059907489058 0.4360507072664679 0.2430984752067093 0.1479177616184301 0.1122279124839813 0.1216748708328931 0.1800580973416619 0.3108586707976998 0.5666831145882442
 0 0.01014818432160639 0.02117520648679352 0.0317195509938885 0.04139375236796476 0.04930947066320076 0.05708802170662186 0.06771729557048742 0.08547226696885563 0.1116486252072857
 0 0.1059001987145981 0.1106572860085101 0.102706742724616 0.08765073527406229 0.0742003669904005 0.08625717953350476 0.1330056620941859 0.2332475299567678 0.2519441071826795
 0 0.1325506649560251 -0.05466340177884788 -0.05476936950059058 -0.2453536692507164 -0.02602764423342244 0.2671638950955247 0.667805756118149 1.337031601133502 -0.9631000566153847
 0 -0.008431308793216696 -0.01355044861696888 -0.01607565122237341 -0.01702252477083712 -0.01677189118198873 -0.01522294843787835 -0.0117527291421059 -0.004965550021132289 0.005147833857924494
 0 -0.06977806564671961 -0.03582060458790706 -0.01626979274665353 -0.00326250904153217 0.008432630124312668 0.02351927853304068 0.04806511694000883 0.09194220620930595 0.09118294822367928
 0 0.4360506685634196 0.2430984752067342 0.1479177616183865 0.1122279124839535 0.1216748708328877 0.1800580973416617 0.3108586707977009 0.5666831145882436 -0.581868274300778
 0 0.02108638134636446 0.03196570920067764 0.04139843246144456 0.04929680527816236 0.05708802170662195 0.06771729557048765 0.08547226696885579 0.1116180717509995 0.1333624120004883
 0 0.1097179800657446 0.1051336794884453 0.08769142705247904 0.07405780022033918 0.08625717953350563 0.133005662094188 0.2332475299567718 0.2510275034941052 0.1956803922614877
 0 -0.05619503793309474 -0.0558087286224489 -0.2455369439421482 -0.02650503182374569 0.267163895095525 0.667805756118141 1.337031601133567 -0.9814321303867528 -0.1621742418084513
 0 -0.01355044902994282 -0.01607565122237317 -0.01702252477083754 -0.01677189118198889 -0.01522294843787844 -0.0117527291421059 -0.004965550021132269 0.005147834082290604 0.01181220637133557
 0 -0.03582060923651555 -0.01626979274665119 -0.003262509041536271 0.008432630124313521 0.02351927853303892 0.04806511694000878 0.09194220620930627 0.09118295495466261 0.04665869267001252
 0 0.2430984596406618 0.1479177616183833 0.1122279124839586 0.1216748708329601 0.1800580973416372 0.3108586707977006 0.5666831145882478 -0.5818681396811105 -0.3086168367725576
 0 0.03178217081861413 0.04185414897488537 0.04930548915974041 0.05705759706075385 0.0677172955704879 0.08547226696885625 0.11159937245376 0.133167401387158 0.1525070468980552
 0 0.1042474759326556 0.08917627068046424 0.07410569404102536 0.08603340462825337 0.1330056620941911 0.2332475299567747 0.2504665245769055 0.1934964886158813 0.1910869744944553
 0 -0.05321504472868599 -0.2633394475371709 -0.02617771628692531 0.2660171199820295 0.6678057561181839 1.337031601133592 -0.992651708730891 -0.1691881671777261 0.070305886467804
 0 -0.01607565221441545 -0.01702252477083703 -0.01677189118198991 -0.01522294843787823 -0.01175272914210631 -0.004965550021132275 0.005147834863855897 0.01181220780776966 0.01514431630956796
 0 -0.0162698000431808 -0.003262509041532746 0.008432630124303758 0.02351927853304486 0.04806511694000416 0.09194220620930627 0.09118297840162007 0.0466587088391022 0.02207675464557476
 0 0.1479177242260329 0.1122279124839853 0.1216748708328421 0.1800580973416668 0.3108586707976675 0.5666831145882489 -0.5818676707419721 -0.308616782630097 -0.1830219237161966
 0 0.04160363162983175 0.04988687106688079 0.05707313764357211 0.06765687521250971 0.08547226696885696 0.1115927175995899 0.1330289856588875 0.1520884331563195 0.1718939955905978
 0 0.0888096247076515 0.07579609377579216 0.08612695224724649 0.1326106792970679 0.2332475299567804 0.2502668789517803 0.191587932436557 0.1890973842019695 0.1959192174639776
 0 -0.2555419797713955 -0.004264090556271194 0.2666028804113482 0.6655283733942603 1.337031601133601 -0.9966446212334787 -0.1849201340760796 0.08120607889948911 0.02633897292264242
 0 -0.01702252674093633 -0.01677189118198893 -0.01522294843788077 -0.01175272914210531 -0.004965550021133326 0.005147837586390315 0.01181221281149803 0.01514431976015345 0.01652352473619138
 0 -0.003262521920566966 0.008432630124309726 0.02351927853302405 0.04806511694001442 0.09194220620929794 0.09118306007765264 0.04665876516312241 0.02207678002481409 0.006373839693362721
 0 0.1122278382262436 0.1216748708328603 0.1800580973415645 0.3108586707977246 0.5666831145882083 -0.5818660372213212 -0.3086165940279801 -0.1830217936556653 -0.1310363753280449
 0 0.04960817271006835 0.05795180316174037 0.06768552274465209 0.08535755050855506 0.1115953846513803 0.1329797251719952 0.1517263989662098 0.1713174566765583 0.1915502589220542
 0 0.07529408198036538 0.09056897982201606 0.1327875045173392 0.2325224816175121 0.250346890505461 0.190908700330273 0.1869925410503586 0.1946156332582527 0.1965325163696043
 0 -0.01476887477432906 0.2997218114807497 0.666608164990505 1.332707673014624 -0.9950443901599905 -0.1905189511966672 0.09301230635211466 0.02915890222617423 -0.01407299481010926
 0 -0.01677189492249852 -0.01522294843787861 -0.01175272914211063 -0.004965550021130895 0.005147847070168935 0.01181223024167734 0.01514433178005395 0.01652353158871494 0.01650453380910921
 0 0.008432606482956038 0.02351927853304792 0.04806511693997803 0.09194220620931709 0.09118334459106137 0.0466589613643717 0.0220768684318317 0.006373884489999898 -0.0067655884327886
 0 0.1216747298442184 0.1800580973419053 0.3108586707975158 0.5666831145883283 -0.58186034695294 -0.3086159370442975 -0.1830213405978337 -0.1310361170406178 -0.131752187194981
 0 0.05756349389043567 0.06921486128881579 0.0854108267060959 0.1114180839223865 0.1329994671928331 0.1515975417320158 0.1707911357787233 0.1908606586088147 0.2110845646379533
 0 0.08880991518900358 0.1417676935941947 0.2328537015591102 0.2501356555291859 0.1911809147406613 0.1862430436999069 0.1933064069570835 0.1956068463398751 0.1936677884782682
 0 0.2850855389470959 0.7242524639628191 1.334715775844915 -0.9804441947811482 -0.1882751251360034 0.09720581858934421 0.03326501178237946 -0.009334640593721855 -0.04322156301661084
 0 -0.01522295545319195 -0.01175272914210448 -0.004965550021141296 0.005147880106332776 0.01181229095862824 0.01514437365063526 0.01652355545905711 0.01650454681957896 0.01507970559048004
 0 0.02351923462107448 0.04806511694003046 0.09194220620924817 0.09118433567585969 0.04665964481930337 0.02207717639220895 0.006374040536323025 -0.006765506202048605 -0.02262606033354853
 0 0.1800578329181467 0.3108586707977461 0.5666831145878877 -0.5818405252574764 -0.3086136484822199 -0.1830197623989569 -0.1310352173123411 -0.1317516968003512 -0.1854572508202188
